                          Options
                          seed: 123
                          disable_cuda: False
                          game: space_invaders
                          T_max: 1000
                          max_episode_length: 108000
                          history_length: 1
                          hidden_size: 512
                          noisy_std: 0.1
                          atoms: 51
                          V_min: -10
                          V_max: 10
                          model: None
                          memory_capacity: 1000000
                          replay_frequency: 4
                          priority_exponent: 0.5
                          priority_weight: 0.4
                          multi_step: 3
                          discount: 0.99
                          target_update: 32000
                          reward_clip: 1
                          lr: 6.25e-05
                          adam_eps: 0.00015
                          batch_size: 10
                          learn_start: 100
                          evaluate: False
                          evaluation_interval: 50
                          evaluation_episodes: 10
                          evaluation_size: 500
                          render: False
Init
[2019-02-06T11:32:38] T = 100 / 1000 | Avg. reward: -0.1 | Avg. Q: -0.010354651927947997
Init
[2019-02-06T11:32:43] T = 150 / 1000 | Avg. reward: -0.1 | Avg. Q: -0.011819801926612854
Init
[2019-02-06T11:32:49] T = 200 / 1000 | Avg. reward: -0.2 | Avg. Q: -0.016567440807819366
